34966
189904
270725
322354
500270
551840
673782
1016956
1125900
1544464
1664251
1666993
1885876
1888909
2148964
2290624
2338388
2455284
2520176
2720615
2816985
2893894
2911949
2935520
3180176
3404428
3410804
3428316
3532095
3565982
3616297
3655829
3687399
3846307
3989174
4087229
4111878
4260511
4287990
4387659
4412106
4432854
4541151
4955798
4986676
4995445
5082577
5086487
5196070
5365875
5565231
5711109
5911973
6020756
6288804
6543936
6580462
6584252
6629406
6721237
6873163
6918835
6957789
6965159
6991892
6997787
7000669
7020826
7030011
7101166
7171920
7505603
7541010
7571719
7597795
7632224
7704301
7760020
8081483
8208086
8252126
8348854
8538990
8547757
8591144
8741708
8818968
8839515
8915974
8980502
9041491
9177805
9247187
9366513
9641833
9669525
9841219
9866553
9896758
9993780
